#SSNR*|*|SANR16610709|*|SNAMEOberammergau|*|SWATERAmmer|*|
#CNR*|*|CMW1|*|CNAME*|*|CTYPE*|*|
#RINVAL-777.0|*|RNR1|*|RID-1|*|
192011011200 2.550000
192011021200 2.549965
192011031200 2.450000
192011041200 2.450000
192011051200 2.449965
192011061200 2.350000
192011071200 2.350000
192011081200 2.349965
192011091200 2.250000
192011101200 2.249965
192011111200 2.150000
192011121200 2.149965
192011131200 2.049965
192011141200 1.949965
192011151200 1.849965
192011161200 1.749983
192011171200 1.699983
192011181200 1.650000
192011191200 1.650000
192011201200 1.649965
192011211200 1.549983
192011221200 1.499983
192011231200 1.449965
192011241200 1.349965
192011251200 1.250000
192011261200 1.250000
192011271200 1.250000
192011281200 1.250000
192011291200 1.250000
192011301200 1.250000
192012011200 1.250094
192012021200 1.219993
192012031200 1.200000
192012041200 1.200069
192012051200 1.399948
192012061200 1.249983
192012071200 1.200000
192012081200 1.200000
192012091200 1.200000
192012101200 1.199983
192012111200 1.150000
192012121200 1.150017
192012131200 1.199990
192012141200 1.169993
192012151200 1.150000
192012161200 1.149989
192012171200 1.119993
192012181200 1.100000
192012191200 1.099990
192012201200 1.069993
192012211200 1.049990
192012221200 1.020017
192012231200 1.070017
192012241200 1.119993
192012251200 1.100000
192012261200 1.099983
192012271200 1.049983
192012281200 1.000000
192012291200 1.000042
192012301200 1.119965
192012311200 1.020000
192101011200 1.021451
192101021200 1.000000
192101031200 1.000035
192101041200 1.099972
192101051200 1.020000
192101061200 1.019993
192101071200 1.000000
192101081200 1.000000
192101091200 0.999990
192101101200 0.970000
192101111200 0.970010
192101121200 0.999990
192101131200 0.970010
192101141200 1.000000
192101151200 1.000000
192101161200 0.999990
192101171200 0.970000
192101181200 0.970010
192101191200 1.000000
192101201200 1.000000
192101211200 1.000000
192101221200 1.000000
192101231200 1.000076
192101241200 1.220660
192101251200 3.119698
192101261200 2.249792
192101271200 1.649965
192101281200 1.550035
192101291200 1.650000
192101301200 1.650000
192101311200 1.650208
192102011200 2.249896
192102021200 1.949896
192102031200 1.650017
192102041200 1.700000
192102051200 1.699983
192102061200 1.650000
192102071200 1.649965
192102081200 1.550052
192102091200 1.700000
192102101200 1.699983
192102111200 1.649983
192102121200 1.599965
192102131200 1.500000
192102141200 1.500052
192102151200 1.650000
192102161200 1.650000
192102171200 1.650017
192102181200 1.699983
192102191200 1.650000
192102201200 1.649965
192102211200 1.550000
192102221200 1.549983
192102231200 1.500000
192102241200 1.499965
192102251200 1.399937
192102261200 1.220011
192102271200 1.250000
192102281200 1.249990
192103011200 1.220049
192103021200 1.200000
192103031200 1.200000
192103041200 1.200000
192103051200 1.200000
192103061200 1.200000
192103071200 1.200007
192103081200 1.219983
192103091200 1.169993
192103101200 1.149989
192103111200 1.120000
192103121200 1.120000
192103131200 1.120000
192103141200 1.120000
192103151200 1.120000
192103161200 1.120000
192103171200 1.120000
192103181200 1.120000
192103191200 1.120000
192103201200 1.119993
192103211200 1.100000
192103221200 1.100007
192103231200 1.120018
192103241200 1.170000
192103251200 1.169993
192103261200 1.150000
192103271200 1.150007
192103281200 1.170010
192103291200 1.200000
192103301200 1.200035
192103311200 1.299947
192104011200 1.151576
192104021200 1.200007
192104031200 1.219983
192104041200 1.170203
192104051200 1.749965
192104061200 1.649877
192104071200 1.300088
192104081200 1.549982
192104091200 1.500000
192104101200 1.500000
192104111200 1.500000
192104121200 1.499982
192104131200 1.450000
192104141200 1.450140
192104151200 1.849895
192104161200 1.549982
192104171200 1.500000
192104181200 1.500053
192104191200 1.650000
192104201200 1.649965
192104211200 1.550105
192104221200 1.849965
192104231200 1.750070
192104241200 1.950246
192104251200 2.650035
192104261200 2.750042
192104271200 2.870175
192104281200 3.370000
192104291200 3.369912
192104301200 3.119958
192105011200 3.000656
192105021200 3.369958
192105031200 3.250042
192105041200 3.370000
192105051200 3.369958
192105061200 3.249954
192105071200 3.120000
192105081200 3.120088
192105091200 3.370000
192105101200 3.370046
192105111200 3.499954
192105121200 3.369958
192105131200 3.249954
192105141200 3.120000
192105151200 3.120000
192105161200 3.120133
192105171200 3.500000
192105181200 3.500000
192105191200 3.499954
192105201200 3.370000
192105211200 3.370000
192105221200 3.370046
192105231200 3.500000
192105241200 3.500000
192105251200 3.500000
192105261200 3.500000
192105271200 3.500000
192105281200 3.500000
192105291200 3.500088
192105301200 3.749912
192105311200 3.500000
192106011200 3.524654
192106021200 3.749954
192106031200 3.620000
192106041200 3.619958
192106051200 3.500042
192106061200 3.621099
192106071200 6.748989
192106081200 3.869958
192106091200 3.749912
192106101200 3.501421
192106111200 7.549860
192106121200 7.148894
192106131200 4.012108
192106141200 38.494209
192106151200 21.994999
192106161200 7.749298
192106171200 5.749691
192106181200 4.870659
192106191200 6.749340
192106201200 4.869649
192106211200 3.871221
192106221200 7.349719
192106231200 6.549860
192106241200 6.149737
192106251200 5.399877
192106261200 5.049498
192106271200 3.620088
192106281200 3.869958
192106291200 3.749912
192106301200 3.500042
192107011200 3.623818
192107021200 3.501972
192107031200 9.118694
192107041200 5.399508
192107051200 3.999825
192107061200 3.499954
192107071200 3.370000
192107081200 3.369958
192107091200 3.249912
192107101200 2.999912
192107111200 2.750000
192107121200 2.749965
192107131200 2.650000
192107141200 2.650000
192107151200 2.650000
192107161200 2.650035
192107171200 2.750042
192107181200 2.870088
192107191200 3.119958
192107201200 2.999954
192107211200 2.870000
192107221200 2.870088
192107231200 3.120000
192107241200 3.119958
192107251200 2.999912
192107261200 2.750000
192107271200 2.749965
192107281200 2.650000
192107291200 2.650000
192107301200 2.650000
192107311200 2.650000
192108011200 2.651558
192108021200 2.650000
192108031200 2.650123
192108041200 2.999912
192108051200 2.749965
192108061200 2.650000
192108071200 2.650000
192108081200 2.650000
192108091200 2.649965
192108101200 2.550000
192108111200 2.550000
192108121200 2.550814
192108131200 4.869343
192108141200 2.999954
192108151200 2.869923
192108161200 2.650035
192108171200 2.750000
192108181200 2.750000
192108191200 2.749965
192108201200 2.650000
192108211200 2.650000
192108221200 2.650035
192108231200 2.750000
192108241200 2.750000
192108251200 2.750042
192108261200 2.869958
192108271200 2.750000
192108281200 2.750000
192108291200 2.749965
192108301200 2.650000
192108311200 2.650035
192109011200 2.750351
192109021200 2.750000
192109031200 2.750000
192109041200 2.750042
192109051200 2.870000
192109061200 2.869958
192109071200 2.750000
192109081200 2.750000
192109091200 2.750042
192109101200 2.870000
192109111200 2.870000
192109121200 2.870000
192109131200 2.870000
192109141200 2.870000
192109151200 2.870000
192109161200 2.869958
192109171200 2.750000
192109181200 2.750000
192109191200 2.749965
192109201200 2.650000
192109211200 2.650211
192109221200 3.249867
192109231200 2.869958
192109241200 2.750000
192109251200 2.750000
192109261200 2.749965
192109271200 2.650000
192109281200 2.650000
192109291200 2.650000
192109301200 2.650000
192110011200 2.650070
192110021200 2.650000
192110031200 2.650000
192110041200 2.650000
192110051200 2.650000
192110061200 2.650000
192110071200 2.650000
192110081200 2.650000
192110091200 2.650000
192110101200 2.650000
192110111200 2.650000
192110121200 2.649965
192110131200 2.550000
192110141200 2.550070
192110151200 2.749965
192110161200 2.649965
192110171200 2.549930
192110181200 2.349965
192110191200 2.249930
192110201200 2.050070
192110211200 2.250000
192110221200 2.249930
192110231200 2.050000
192110241200 2.049930
192110251200 1.850000
192110261200 1.849965
192110271200 1.750000
192110281200 1.749982
192110291200 1.700000
192110301200 1.700000
192110311200 1.700000
192111011200 2.463576
192111021200 2.450104
192111031200 2.756233
192111041200 20.694202
192111051200 3.999695
192111061200 3.119872
192111071200 2.749965
192111081200 2.649965
192111091200 2.550035
192111101200 2.650000
192111111200 2.650000
192111121200 2.649965
192111131200 2.550069
192111141200 2.750087
192111151200 3.000000
192111161200 3.000000
192111171200 2.999955
192111181200 2.870000
192111191200 2.870000
192111201200 2.870045
192111211200 3.000000
192111221200 2.999955
192111231200 2.869958
192111241200 2.749965
192111251200 2.650000
192111261200 2.649965
192111271200 2.550000
192111281200 2.549965
192111291200 2.450000
192111301200 2.450000
192112011200 2.450069
192112021200 2.450000
192112031200 2.450000
192112041200 2.450000
192112051200 2.450035
192112061200 2.550000
192112071200 2.550000
192112081200 2.550000
192112091200 2.550000
192112101200 2.550000
192112111200 2.550000
192112121200 2.550000
192112131200 2.550000
192112141200 2.550000
192112151200 2.550000
192112161200 2.550000
192112171200 2.550000
192112181200 2.549965
192112191200 2.450000
192112201200 2.450000
192112211200 2.450000
192112221200 2.450035
192112231200 2.549722
192112241200 1.750000
192112251200 1.750000
192112261200 1.750000
192112271200 1.750069
192112281200 1.950104
192112291200 2.250000
192112301200 2.250035
192112311200 2.349896
192201011200 2.051354
192201021200 2.050000
192201031200 2.049965
192201041200 1.950000
192201051200 1.949965
192201061200 1.850000
192201071200 1.850000
192201081200 1.850139
192201091200 2.250607
192201101200 3.999695
192201111200 3.120000
192201121200 3.119958
192201131200 3.000000
192201141200 2.999913
192201151200 2.750000
192201161200 2.750000
192201171200 2.750000
192201181200 2.750000
192201191200 2.749965
192201201200 2.650000
192201211200 2.650000
192201221200 2.650000
192201231200 2.650000
192201241200 2.650000
192201251200 2.650000
192201261200 2.650000
192201271200 2.650000
192201281200 2.650000
192201291200 2.649965
192201301200 2.550000
192201311200 2.550000
192202011200 2.550396
192202021200 2.550000
192202031200 2.550198
192202041200 3.119958
192202051200 2.999913
192202061200 2.749965
192202071200 2.650000
192202081200 2.649896
192202091200 2.350000
192202101200 2.349965
192202111200 2.250000
192202121200 2.250000
192202131200 2.250000
192202141200 2.250000
192202151200 2.250000
192202161200 2.250000
192202171200 2.249965
192202181200 2.150000
192202191200 2.150000
192202201200 2.150000
192202211200 2.149965
192202221200 2.050000
192202231200 2.050069
192202241200 2.250000
192202251200 2.250000
192202261200 2.250174
192202271200 2.750042
192202281200 2.870087
192203011200 3.120309
192203021200 3.249955
192203031200 3.119872
192203041200 2.750000
192203051200 2.750042
192203061200 2.870000
192203071200 2.870000
192203081200 2.870000
192203091200 2.869958
192203101200 2.750000
192203111200 2.750042
192203121200 2.870046
192203131200 3.000130
192203141200 3.369958
192203151200 3.250000
192203161200 3.249954
192203171200 3.120000
192203181200 3.119958
192203191200 3.000000
192203201200 3.000175
192203211200 3.500000
192203221200 3.500000
192203231200 3.499954
192203241200 3.370000
192203251200 3.370000
192203261200 3.370000
192203271200 3.370000
192203281200 3.370000
192203291200 3.370000
192203301200 3.369958
192203311200 3.250000
192204011200 3.250526
192204021200 3.250042
192204031200 3.370046
192204041200 3.499912
192204051200 3.249912
192204061200 3.000000
192204071200 3.000000
192204081200 3.000000
192204091200 3.000000
192204101200 3.000000
192204111200 3.000000
192204121200 3.000000
192204131200 3.000130
192204141200 3.370000
192204151200 3.369958
192204161200 3.250042
192204171200 3.370133
192204181200 3.750000
192204191200 3.750088
192204201200 3.999912
192204211200 3.749867
192204221200 3.370000
192204231200 3.370000
192204241200 3.370088
192204251200 3.620046
192204261200 3.750000
192204271200 3.750000
192204281200 3.750000
192204291200 3.750000
192204301200 3.750000
192205011200 3.754650
192205021200 3.500000
192205031200 3.500000
192205041200 3.500000
192205051200 3.500000
192205061200 3.500175
192205071200 3.999954
192205081200 3.869958
192205091200 3.750000
192205101200 3.750912
192205111200 6.349481
192205121200 4.870800
192205131200 7.149386
192205141200 5.399508
192205151200 4.000000
192205161200 3.999954
192205171200 3.872327
192205181200 10.498270
192205191200 5.569695
192205201200 4.699754
192205211200 4.000000
192205221200 3.999912
192205231200 3.749912
192205241200 3.500000
192205251200 3.500000
192205261200 3.500000
192205271200 3.500000
192205281200 3.500088
192205291200 3.749954
192205301200 3.619958
192205311200 3.500000
192206011200 3.523117
192206021200 3.370000
192206031200 3.369958
192206041200 3.250000
192206051200 3.249954
192206061200 3.119958
192206071200 3.000000
192206081200 3.000000
192206091200 3.000000
192206101200 3.000000
192206111200 3.000474
192206121200 4.350306
192206131200 5.219484
192206141200 3.749825
192206151200 3.249954
192206161200 3.119958
192206171200 3.000000
192206181200 3.011230
192206191200 34.990227
192206201200 7.149789
192206211200 6.549105
192206221200 3.999912
192206231200 3.749912
192206241200 3.499954
192206251200 3.370281
192206261200 4.169895
192206271200 3.869824
192206281200 3.369958
192206291200 3.249954
192206301200 3.120000
192207011200 3.137112
192207021200 3.120000
192207031200 3.119958
192207041200 3.000000
192207051200 3.000088
192207061200 3.250000
192207071200 3.250042
192207081200 3.370000
192207091200 3.370000
192207101200 3.370000
192207111200 3.370000
192207121200 3.370221
192207131200 3.999825
192207141200 3.499954
192207151200 3.378118
192207161200 26.494385
192207171200 10.498087
192207181200 5.049632
192207191200 4.002850
192207201200 12.117764
192207211200 5.749386
192207221200 3.999912
192207231200 3.749867
192207241200 3.371825
192207251200 8.569641
192207261200 7.549245
192207271200 5.400000
192207281200 5.399937
192207291200 5.219877
192207301200 4.869754
192207311200 4.169853
192208011200 3.750955
192208021200 3.870414
192208031200 5.049754
192208041200 4.349877
192208051200 3.999912
192208061200 3.749867
192208071200 3.370000
192208081200 3.370000
192208091200 3.369958
192208101200 3.250175
192208111200 3.750393
192208121200 4.869606
192208131200 3.750088
192208141200 3.999912
192208151200 3.750333
192208161200 4.699754
192208171200 3.999954
192208181200 3.869958
192208191200 3.750000
192208201200 3.749954
192208211200 3.619912
192208221200 3.370000
192208231200 3.370133
192208241200 3.749825
192208251200 3.250000
192208261200 3.250042
192208271200 3.370000
192208281200 3.369958
192208291200 3.250000
192208301200 3.250000
192208311200 3.250000
192209011200 3.278252
192209021200 3.250000
192209031200 3.253001
192209041200 11.809896
192209051200 39.991333
192209061200 15.296859
192209071200 6.349604
192209081200 5.219754
192209091200 4.519818
192209101200 3.999912
192209111200 3.749867
192209121200 3.370000
192209131200 3.370000
192209141200 3.370000
192209151200 3.370000
192209161200 3.370000
192209171200 3.370000
192209181200 3.370133
192209191200 3.750702
192209201200 5.749691
192209211200 4.869694
192209221200 3.999912
192209231200 3.749912
192209241200 3.500481
192209251200 4.871010
192209261200 7.749438
192209271200 6.149491
192209281200 4.699754
192209291200 4.000000
192209301200 4.000000
192210011200 4.006668
192210021200 4.001702
192210031200 8.849474
192210041200 7.349130
192210051200 4.870308
192210061200 5.750702
192210071200 7.749298
192210081200 5.749568
192210091200 4.519818
192210101200 3.999954
192210111200 3.869958
192210121200 3.749954
192210131200 3.619958
192210141200 3.499954
192210151200 3.370000
192210161200 3.370000
192210171200 3.370000
192210181200 3.370000
192210191200 3.370000
192210201200 3.370046
192210211200 3.500000
192210221200 3.500088
192210231200 3.750000
192210241200 3.749912
192210251200 3.499954
192210261200 3.370000
192210271200 3.370000
192210281200 3.370000
192210291200 3.370000
192210301200 3.370000
192210311200 3.370000
192211011200 3.370264
192211021200 3.370000
192211031200 3.370000
192211041200 3.370000
192211051200 3.370000
192211061200 3.370000
192211071200 3.370000
192211081200 3.370000
192211091200 3.370045
192211101200 3.499955
192211111200 3.370000
192211121200 3.370000
192211131200 3.370000
192211141200 3.370000
192211151200 3.370000
192211161200 3.370000
192211171200 3.370045
192211181200 3.499955
192211191200 3.370000
192211201200 3.370000
192211211200 3.370000
192211221200 3.370000
192211231200 3.370000
192211241200 3.370000
192211251200 3.370000
192211261200 3.370000
192211271200 3.370000
192211281200 3.370000
192211291200 3.370132
192211301200 3.749913
192212011200 3.499955
192212021200 3.370000
192212031200 3.370000
192212041200 3.370000
192212051200 3.370000
192212061200 3.370000
192212071200 3.370000
192212081200 3.370000
192212091200 3.370000
192212101200 3.369958
192212111200 3.249955
192212121200 3.120000
192212131200 3.120000
192212141200 3.120000
192212151200 3.120000
192212161200 3.120000
192212171200 3.120000
192212181200 3.120087
192212191200 3.370000
192212201200 3.370000
192212211200 3.370000
192212221200 3.369958
192212231200 3.250000
192212241200 3.250000
192212251200 3.250000
192212261200 3.250000
192212271200 3.250000
192212281200 3.250000
192212291200 3.249955
192212301200 3.120000
192212311200 3.120000
192301011200 3.120000
192301021200 3.120000
192301031200 3.120000
192301041200 3.120000
192301051200 3.120000
192301061200 3.120000
192301071200 3.120000
192301081200 3.120000
192301091200 3.120000
192301101200 3.120000
192301111200 3.120000
192301121200 3.120000
192301131200 3.120000
192301141200 3.119958
192301151200 3.000000
192301161200 2.999955
192301171200 2.870000
192301181200 2.869958
192301191200 2.749965
192301201200 2.650000
192301211200 2.649965
192301221200 2.549965
192301231200 2.450000
192301241200 2.449965
192301251200 2.350000
192301261200 2.349965
192301271200 2.249965
192301281200 2.150000
192301291200 2.150000
192301301200 2.150000
192301311200 2.150295
192302011200 3.001343
192302021200 4.170063
192302031200 4.349878
192302041200 4.000000
192302051200 3.999955
192302061200 3.869958
192302071200 3.750000
192302081200 3.750000
192302091200 3.750000
192302101200 3.750000
192302111200 3.750000
192302121200 3.750000
192302131200 3.750000
192302141200 3.749955
192302151200 3.620000
192302161200 3.620000
192302171200 3.620000
192302181200 3.620000
192302191200 3.620000
192302201200 3.619958
192302211200 3.499955
192302221200 3.370000
192302231200 3.370000
192302241200 3.370000
192302251200 3.370000
192302261200 3.370000
192302271200 3.370000
192302281200 3.370000
192303011200 3.371652
192303021200 3.370000
192303031200 3.370000
192303041200 3.369958
192303051200 3.250000
192303061200 3.249955
192303071200 3.120000
192303081200 3.120000
192303091200 3.120000
192303101200 3.120000
192303111200 3.119958
192303121200 3.000000
192303131200 3.000000
192303141200 2.999954
192303151200 2.870000
192303161200 2.870000
192303171200 2.869958
192303181200 2.750000
192303191200 2.750000
192303201200 2.750042
192303211200 2.870175
192303221200 3.370000
192303231200 3.370000
192303241200 3.370088
192303251200 3.620133
192303261200 4.000000
192303271200 4.000060
192303281200 4.170000
192303291200 4.170432
192303301200 5.400123
192303311200 5.749937
192304011200 5.571390
192304021200 5.569941
192304031200 5.400000
192304041200 5.400000
192304051200 5.399937
192304061200 5.220000
192304071200 5.220000
192304081200 5.219940
192304091200 5.050000
192304101200 5.049937
192304111200 4.870308
192304121200 5.750211
192304131200 6.350421
192304141200 7.549719
192304151200 6.749586
192304161200 5.569877
192304171200 5.219817
192304181200 4.699814
192304191200 4.170000
192304201200 4.170000
192304211200 4.170555
192304221200 5.750351
192304231200 6.750281
192304241200 7.549930
192304251200 7.350000
192304261200 7.349579
192304271200 6.149796
192304281200 5.569941
192304291200 5.399877
192304301200 5.050000
192305011200 5.053895
192305021200 6.350421
192305031200 7.550551
192305041200 9.119519
192305051200 7.750000
192305061200 7.750481
192305071200 9.120292
192305081200 9.949709
192305091200 9.120000
192305101200 9.119308
192305111200 7.149508
192305121200 5.749877
192305131200 5.399814
192305141200 4.869877
192305151200 4.520000
192305161200 4.520123
192305171200 4.869817
192305181200 4.350000
192305191200 4.349937
192305201200 4.170000
192305211200 4.169940
192305221200 4.000000
192305231200 4.000305
192305241200 4.869877
192305251200 4.519940
192305261200 4.350000
192305271200 4.350000
192305281200 4.349937
192305291200 4.169940
192305301200 4.000000
192305311200 4.000000
192306011200 4.006387
192306021200 4.000000
192306031200 4.000000
192306041200 4.000246
192306051200 4.699814
192306061200 4.170186
192306071200 4.700060
192306081200 4.869877
192306091200 4.519940
192306101200 4.349937
192306111200 4.170063
192306121200 4.350000
192306131200 4.350183
192306141200 4.870870
192306151200 7.349316
192306161200 5.399814
192306171200 4.869940
192306181200 4.700182
192306191200 5.221660
192306201200 9.948877
192306211200 6.749789
192306221200 6.149859
192306231200 5.752580
192306241200 13.097561
192306251200 6.151737
192306261200 11.098754
192306271200 7.549438
192306281200 5.949807
192306291200 5.399877
192306301200 5.049754
192307011200 4.353980
192307021200 6.149491
192307031200 4.699937
192307041200 4.519940
192307051200 4.350000
192307061200 4.349937
192307071200 4.170000
192307081200 4.169940
192307091200 3.999954
192307101200 3.870000
192307111200 3.869958
192307121200 3.750000
192307131200 3.750000
192307141200 3.750000
192307151200 3.750000
192307161200 3.750000
192307171200 3.750333
192307181200 4.701551
192307191200 9.119028
192307201200 6.349421
192307211200 4.699877
192307221200 4.349877
192307231200 4.000000
192307241200 4.000000
192307251200 3.999954
192307261200 3.870351
192307271200 4.869694
192307281200 4.000000
192307291200 3.999954
192307301200 3.869958
192307311200 3.750000
192308011200 3.750786
192308021200 3.750000
192308031200 3.750393
192308041200 4.869694
192308051200 3.999954
192308061200 3.870000
192308071200 3.869958
192308081200 3.750000
192308091200 3.750000
192308101200 3.750000
192308111200 3.750000
192308121200 3.750000
192308131200 3.750000
192308141200 3.750000
192308151200 3.750088
192308161200 3.999912
192308171200 3.750000
192308181200 3.750088
192308191200 3.999954
192308201200 3.869958
192308211200 3.750000
192308221200 3.750000
192308231200 3.749954
192308241200 3.620133
192308251200 3.999912
192308261200 3.750000
192308271200 3.750042
192308281200 3.869958
192308291200 3.749954
192308301200 3.620000
192308311200 3.620088
192309011200 3.870786
192309021200 3.750000
192309031200 3.750000
192309041200 3.749954
192309051200 3.620000
192309061200 3.620000
192309071200 3.620000
192309081200 3.620000
192309091200 3.620000
192309101200 3.620000
192309111200 3.620000
192309121200 3.620000
192309131200 3.620000
192309141200 3.619958
192309151200 3.500000
192309161200 3.500000
192309171200 3.500000
192309181200 3.500042
192309191200 3.620000
192309201200 3.620000
192309211200 3.620000
192309221200 3.620000
192309231200 3.620502
192309241200 5.049691
192309251200 4.169895
192309261200 3.869958
192309271200 3.749954
192309281200 3.620000
192309291200 3.619958
192309301200 3.499954
192310011200 3.370351
192310021200 3.370000
192310031200 3.370175
192310041200 3.869958
192310051200 3.749912
192310061200 3.500000
192310071200 3.500000
192310081200 3.500088
192310091200 3.749954
192310101200 3.619958
192310111200 3.499954
192310121200 3.370000
192310131200 3.370175
192310141200 3.869958
192310151200 3.749954
192310161200 3.620000
192310171200 3.620046
192310181200 3.750000
192310191200 3.749954
192310201200 3.619958
192310211200 3.499954
192310221200 3.370000
192310231200 3.370000
192310241200 3.370133
192310251200 3.749954
192310261200 3.619958
192310271200 3.500000
192310281200 3.499954
192310291200 3.370000
192310301200 3.370000
192310311200 3.370000
192311011200 3.370173
192311021200 3.370045
192311031200 3.500000
192311041200 3.500000
192311051200 3.500000
192311061200 3.500000
192311071200 3.499955
192311081200 3.370000
192311091200 3.370000
192311101200 3.370000
192311111200 3.370045
192311121200 3.500042
192311131200 3.619958
192311141200 3.500000
192311151200 3.500000
192311161200 3.500042
192311171200 3.619958
192311181200 3.499955
192311191200 3.370000
192311201200 3.370000
192311211200 3.370000
192311221200 3.370000
192311231200 3.370000
192311241200 3.370000
192311251200 3.370000
192311261200 3.370000
192311271200 3.370000
192311281200 3.370045
192311291200 3.500000
192311301200 3.499955
192312011200 3.370000
192312021200 3.370000
192312031200 3.370000
192312041200 3.370000
192312051200 3.369958
192312061200 3.250000
192312071200 3.250000
192312081200 3.250000
192312091200 3.249955
192312101200 3.120000
192312111200 3.120000
192312121200 3.120000
192312131200 3.120000
192312141200 3.120000
192312151200 3.120000
192312161200 3.120045
192312171200 3.250000
192312181200 3.249955
192312191200 3.120000
192312201200 3.120000
192312211200 3.120000
192312221200 3.120000
192312231200 3.120000
192312241200 3.120000
192312251200 3.120000
192312261200 3.120000
192312271200 3.120000
192312281200 3.120000
192312291200 3.119958
192312301200 3.000000
192312311200 3.000000
192401011200 3.000000
192401021200 3.000000
192401031200 3.000000
192401041200 3.000000
192401051200 3.000000
192401061200 2.999955
192401071200 2.870000
192401081200 2.870000
192401091200 2.870000
192401101200 2.869958
192401111200 2.750000
192401121200 2.750000
192401131200 2.750000
192401141200 2.749965
192401151200 2.650000
192401161200 2.650000
192401171200 2.650035
192401181200 2.750042
192401191200 2.870000
192401201200 2.870000
192401211200 2.870000
192401221200 2.869958
192401231200 2.749965
192401241200 2.650000
192401251200 2.650000
192401261200 2.650000
192401271200 2.650000
192401281200 2.650000
192401291200 2.649965
192401301200 2.549965
192401311200 2.450000
192402011200 2.450000
192402021200 2.450000
192402031200 2.449965
192402041200 2.350000
192402051200 2.350000
192402061200 2.349965
192402071200 2.250000
192402081200 2.250000
192402091200 2.250000
192402101200 2.250035
192402111200 2.350000
192402121200 2.350000
192402131200 2.350000
192402141200 2.350000
192402151200 2.350000
192402161200 2.350000
192402171200 2.349965
192402181200 2.250000
192402191200 2.250000
192402201200 2.249965
192402211200 2.150000
192402221200 2.150000
192402231200 2.150000
192402241200 2.150000
192402251200 2.150000
192402261200 2.150000
192402271200 2.150000
192402281200 2.150000
192402291200 2.150000
192403011200 2.151403
192403021200 2.150000
192403031200 2.150000
192403041200 2.150000
192403051200 2.150000
192403061200 2.150000
192403071200 2.150000
192403081200 2.150000
192403091200 2.150000
192403101200 2.150000
192403111200 2.150000
192403121200 2.150000
192403131200 2.150000
192403141200 2.150000
192403151200 2.150000
192403161200 2.150000
192403171200 2.150000
192403181200 2.150000
192403191200 2.150000
192403201200 2.150000
192403211200 2.150105
192403221200 2.450035
192403231200 2.550158
192403241200 3.000218
192403251200 3.620000
192403261200 3.620193
192403271200 4.169940
192403281200 4.000000
192403291200 3.999912
192403301200 3.750000
192403311200 3.750000
192404011200 3.759114
192404021200 3.620000
192404031200 3.620088
192404041200 3.870000
192404051200 3.869958
192404061200 3.750088
192404071200 4.000000
192404081200 4.000000
192404091200 4.000000
192404101200 4.000000
192404111200 4.000000
192404121200 4.000000
192404131200 4.000000
192404141200 4.000183
192404151200 4.520000
192404161200 4.520309
192404171200 5.399691
192404181200 4.520000
192404191200 4.519940
192404201200 4.349937
192404211200 4.170123
192404221200 4.521713
192404231200 9.399351
192404241200 7.549930
192404251200 7.350000
192404261200 7.350621
192404271200 9.119099
192404281200 6.549860
192404291200 6.153738
192404301200 16.799860
192405011200 16.396893
192405021200 7.549509
192405031200 6.149930
192405041200 5.950000
192405051200 5.949930
192405061200 5.749937
192405071200 5.570000
192405081200 5.570134
192405091200 5.949867
192405101200 5.570000
192405111200 5.569818
192405121200 5.050060
192405131200 5.220000
192405141200 5.219940
192405151200 5.050182
192405161200 5.570555
192405171200 7.149649
192405181200 6.149673
192405191200 5.219940
192405201200 5.049937
192405211200 4.870000
192405221200 4.870000
192405231200 4.869940
192405241200 4.699937
192405251200 4.520000
192405261200 4.520432
192405271200 5.749691
192405281200 4.869940
192405291200 4.700060
192405301200 4.869940
192405311200 4.699937
192406011200 4.546307
192406021200 4.520246
192406031200 5.219877
192406041200 4.869877
192406051200 4.522660
192406061200 12.097586
192406071200 5.219877
192406081200 4.869940
192406091200 4.699937
192406101200 4.520000
192406111200 4.521808
192406121200 9.668316
192406131200 4.870245
192406141200 5.582786
192406151200 41.989857
192406161200 13.097772
192406171200 6.749586
192406181200 5.569755
192406191200 4.869877
192406201200 4.520000
192406211200 4.520000
192406221200 4.519940
192406231200 4.350245
192406241200 5.049937
192406251200 4.869877
192406261200 4.520000
192406271200 4.519940
192406281200 4.350060
192406291200 4.519877
192406301200 4.170123
192407011200 4.561812
192407021200 4.699937
192407031200 4.519940
192407041200 4.349937
192407051200 4.170246
192407061200 4.869877
192407071200 4.519940
192407081200 4.350000
192407091200 4.349937
192407101200 4.170000
192407111200 4.170000
192407121200 4.170000
192407131200 4.170000
192407141200 4.170000
192407151200 4.169940
192407161200 4.000000
192407171200 4.000000
192407181200 3.999954
192407191200 3.870000
192407201200 3.870000
192407211200 3.870046
192407221200 4.000000
192407231200 4.000000
192407241200 4.001316
192407251200 7.748989
192407261200 4.870245
192407271200 5.570204
192407281200 6.149673
192407291200 5.220186
192407301200 5.763775
192407311200 44.989822
192408011200 15.996754
192408021200 6.749586
192408031200 5.569877
192408041200 5.219940
192408051200 5.049937
192408061200 4.869877
192408071200 4.519877
192408081200 4.170063
192408091200 4.349877
192408101200 4.000000
192408111200 4.000000
192408121200 4.000183
192408131200 4.520123
192408141200 4.870659
192408151200 6.749463
192408161200 5.219817
192408171200 4.700000
192408181200 4.700000
192408191200 4.700000
192408201200 4.700000
192408211200 4.699937
192408221200 4.520246
192408231200 5.219877
192408241200 4.870000
192408251200 4.869940
192408261200 4.700000
192408271200 4.700123
192408281200 5.049937
192408291200 4.870000
192408301200 4.870000
192408311200 4.870122
192409011200 5.221758
192409021200 5.570695
192409031200 7.549182
192409041200 5.220747
192409051200 7.349316
192409061200 5.399877
192409071200 5.049937
192409081200 4.869940
192409091200 4.699877
192409101200 4.350060
192409111200 4.520186
192409121200 5.049877
192409131200 4.699937
192409141200 4.520123
192409151200 4.870186
192409161200 5.399814
192409171200 4.870000
192409181200 4.869877
192409191200 4.519940
192409201200 4.349937
192409211200 4.170000
192409221200 4.170000
192409231200 4.170000
192409241200 4.169940
192409251200 4.000000
192409261200 4.000000
192409271200 4.000000
192409281200 4.000000
192409291200 4.000000
192409301200 4.000000
192410011200 4.000000
192410021200 4.000000
192410031200 4.000000
192410041200 3.999954
192410051200 3.870000
192410061200 3.870000
192410071200 3.869958
192410081200 3.750000
192410091200 3.750000
192410101200 3.750000
192410111200 3.750000
192410121200 3.750000
192410131200 3.750000
192410141200 3.750000
192410151200 3.750000
192410161200 3.750000
192410171200 3.750000
192410181200 3.749094
192410191200 1.170000
192410201200 1.170000
192410211200 1.170000
192410221200 1.170000
192410231200 1.170010
192410241200 1.200000
192410251200 1.200000
192410261200 1.200000
192410271200 1.200000
192410281200 1.200000
192410291200 1.200000
192410301200 1.200007
192410311200 1.220000
192411011200 1.220292
192411021200 1.500000
192411031200 1.499965
192411041200 1.400000
192411051200 1.399965
192411061200 1.300000
192411071200 1.299972
192411081200 1.220097
192411091200 1.500000
192411101200 1.500000
192411111200 1.500000
192411121200 1.499903
192411131200 1.220000
192411141200 1.219993
192411151200 1.200000
192411161200 1.200007
192411171200 1.220000
192411181200 1.220000
192411191200 1.220000
192411201200 1.220000
192411211200 1.220000
192411221200 1.220000
192411231200 1.220000
192411241200 1.220000
192411251200 1.220000
192411261200 1.220000
192411271200 1.220028
192411281200 1.300000
192411291200 1.300000
192411301200 1.299983
192412011200 1.250000
192412021200 1.250000
192412031200 1.250000
192412041200 1.250000
192412051200 1.250000
192412061200 1.250000
192412071200 1.250000
192412081200 1.249990
192412091200 1.220000
192412101200 1.220000
192412111200 1.220000
192412121200 1.220000
192412131200 1.220000
192412141200 1.220000
192412151200 1.219993
192412161200 1.200000
192412171200 1.200000
192412181200 1.200000
192412191200 1.200000
192412201200 1.199990
192412211200 1.170000
192412221200 1.170000
192412231200 1.169993
192412241200 1.150000
192412251200 1.150000
192412261200 1.149989
192412271200 1.120000
192412281200 1.120000
192412291200 1.120000
192412301200 1.119993
192412311200 1.100000
192501011200 1.100000
192501021200 1.099990
192501031200 1.070000
192501041200 1.070000
192501051200 1.070000
192501061200 1.070000
192501071200 1.070000
192501081200 1.070000
192501091200 1.070000
192501101200 1.070000
192501111200 1.069993
192501121200 1.050000
192501131200 1.049990
192501141200 1.020000
192501151200 1.020000
192501161200 1.019993
192501171200 1.000000
192501181200 0.999979
192501191200 0.940010
192501201200 0.970000
192501211200 0.970000
192501221200 0.970000
192501231200 0.969993
192501241200 0.950000
192501251200 0.950000
192501261200 0.950000
192501271200 0.950000
192501281200 0.950000
192501291200 0.949990
192501301200 0.920017
192501311200 0.970000
192502011200 0.970087
192502021200 0.920000
192502031200 0.920000
192502041200 0.920000
192502051200 0.920000
192502061200 0.920000
192502071200 0.920000
192502081200 0.920000
192502091200 0.920069
192502101200 1.119958
192502111200 0.999990
192502121200 0.970000
192502131200 0.970000
192502141200 0.970000
192502151200 0.970000
192502161200 0.970000
192502171200 0.970000
192502181200 0.970000
192502191200 0.970000
192502201200 0.970000
192502211200 0.970000
192502221200 0.969993
192502231200 0.950000
192502241200 0.950000
192502251200 0.950000
192502261200 0.950000
192502271200 0.950000
192502281200 0.950000
192503011200 0.950118
192503021200 0.950000
192503031200 0.950000
192503041200 0.950000
192503051200 0.950000
192503061200 0.950017
192503071200 1.000007
192503081200 1.020000
192503091200 1.019993
192503101200 1.000000
192503111200 0.999989
192503121200 0.969993
192503131200 0.950000
192503141200 0.950000
192503151200 0.950000
192503161200 0.950000
192503171200 0.950000
192503181200 0.950000
192503191200 0.950000
192503201200 0.950000
192503211200 0.950000
192503221200 0.950000
192503231200 0.950000
192503241200 0.950000
192503251200 0.950018
192503261200 1.000042
192503271200 1.120000
192503281200 1.119975
192503291200 1.050000
192503301200 1.050000
192503311200 1.050025
192504011200 1.121930
192504021200 1.120010
192504031200 1.150035
192504041200 1.250000
192504051200 1.250000
192504061200 1.250000
192504071200 1.250000
192504081200 1.250018
192504091200 1.300000
192504101200 1.300000
192504111200 1.300000
192504121200 1.300000
192504131200 1.300053
192504141200 1.450000
192504151200 1.450000
192504161200 1.450070
192504171200 1.650017
192504181200 1.700018
192504191200 1.750070
192504201200 1.950105
192504211200 2.250175
192504221200 2.750218
192504231200 3.369958
192504241200 3.250042
192504251200 3.370000
192504261200 3.370133
192504271200 3.750042
192504281200 3.870000
192504291200 3.870000
192504301200 3.869958
192505011200 3.752106
192505021200 3.750000
192505031200 3.750000
192505041200 3.750042
192505051200 3.870046
192505061200 3.999954
192505071200 3.870000
192505081200 3.869958
192505091200 3.750000
192505101200 3.750270
192505111200 4.520783
192505121200 6.749719
192505131200 5.950000
192505141200 5.949930
192505151200 5.749937
192505161200 5.569941
192505171200 5.399877
192505181200 5.050456
192505191200 6.349667
192505201200 5.399877
192505211200 5.049814
192505221200 4.519940
192505231200 4.349937
192505241200 4.170000
192505251200 4.169940
192505261200 3.999954
192505271200 3.870000
192505281200 3.869958
192505291200 3.750000
192505301200 3.750000
192505311200 3.750000
192506011200 3.750084
192506021200 3.749912
192506031200 3.500130
192506041200 3.869912
192506051200 3.619958
192506061200 3.499954
192506071200 3.370000
192506081200 3.370000
192506091200 3.370000
192506101200 3.370000
192506111200 3.370000
192506121200 3.370000
192506131200 3.370000
192506141200 3.370000
192506151200 3.370000
192506161200 3.370000
192506171200 3.370000
192506181200 3.370046
192506191200 3.499954
192506201200 3.369958
192506211200 3.250088
192506221200 3.500000
192506231200 3.499954
192506241200 3.370000
192506251200 3.370000
192506261200 3.370088
192506271200 3.619958
192506281200 3.500000
192506291200 3.499954
192506301200 3.370000
192507011200 3.372092
192507021200 3.370000
192507031200 3.369958
192507041200 3.250000
192507051200 3.250042
192507061200 3.369958
192507071200 3.250000
192507081200 3.250000
192507091200 3.251088
192507101200 6.349481
192507111200 4.869649
192507121200 3.869824
192507131200 3.369958
192507141200 3.250000
192507151200 3.250218
192507161200 3.870000
192507171200 3.869912
192507181200 3.619912
192507191200 3.370000
192507201200 3.370000
192507211200 3.370000
192507221200 3.370000
192507231200 3.370000
192507241200 3.370221
192507251200 3.999825
192507261200 3.499954
192507271200 3.370221
192507281200 3.999912
192507291200 3.749954
192507301200 3.619912
192507311200 3.370000
192508011200 3.397816
192508021200 3.372018
192508031200 9.118694
192508041200 5.399421
192508051200 3.750270
192508061200 4.520502
192508071200 5.949621
192508081200 4.869694
192508091200 3.999954
192508101200 3.870000
192508111200 3.870537
192508121200 5.399755
192508131200 4.699754
192508141200 3.999954
192508151200 3.870000
192508161200 3.870046
192508171200 3.999954
192508181200 3.870000
192508191200 3.869958
192508201200 3.750702
192508211200 5.749509
192508221200 4.349877
192508231200 3.999912
192508241200 3.750000
192508251200 3.755878
192508261200 20.499439
192508271200 18.895737
192508281200 6.749526
192508291200 5.399755
192508301200 4.699877
192508311200 4.349877
192509011200 4.000031
192509021200 3.750000
192509031200 3.750000
192509041200 3.750000
192509051200 3.750000
192509061200 3.750000
192509071200 3.749954
192509081200 3.620000
192509091200 3.620000
192509101200 3.620000
192509111200 3.620000
192509121200 3.620000
192509131200 3.620133
192509141200 4.000060
192509151200 4.169940
192509161200 3.999954
192509171200 3.869958
192509181200 3.750000
192509191200 3.750000
192509201200 3.750000
192509211200 3.750042
192509221200 3.869958
192509231200 3.750000
192509241200 3.750042
192509251200 3.869958
192509261200 3.750000
192509271200 3.750042
192509281200 3.870000
192509291200 3.869958
192509301200 3.750000
192510011200 3.750421
192510021200 3.750000
192510031200 3.750000
192510041200 3.750000
192510051200 3.750000
192510061200 3.749954
192510071200 3.619958
192510081200 3.500130
192510091200 3.869958
192510101200 3.750000
192510111200 3.750000
192510121200 3.750000
192510131200 3.750000
192510141200 3.749912
192510151200 3.500000
192510161200 3.500000
192510171200 3.500042
192510181200 3.620046
192510191200 3.750000
192510201200 3.750211
192510211200 4.349832
192510221200 3.869958
192510231200 3.750000
192510241200 3.750000
192510251200 3.750000
192510261200 3.750000
192510271200 3.750000
192510281200 3.750000
192510291200 3.750000
192510301200 3.749954
192510311200 3.620000
192511011200 3.500174
192511021200 3.500000
192511031200 3.500042
192511041200 3.620000
192511051200 3.620045
192511061200 3.750000
192511071200 3.750000
192511081200 3.749913
192511091200 3.500042
192511101200 3.620045
192511111200 3.750000
192511121200 3.749955
192511131200 3.620000
192511141200 3.619958
192511151200 3.500000
192511161200 3.499955
192511171200 3.370000
192511181200 3.370000
192511191200 3.369958
192511201200 3.249955
192511211200 3.120000
192511221200 3.119403
192511231200 1.400000
192511241200 1.399965
192511251200 1.300000
192511261200 1.300191
192511271200 1.850000
192511281200 1.850000
192511291200 1.850139
192511301200 2.249896
192512011200 1.951354
192512021200 1.750000
192512031200 1.750000
192512041200 1.749983
192512051200 1.700000
192512061200 1.699983
192512071200 1.650000
192512081200 1.649948
192512091200 1.500000
192512101200 1.500000
192512111200 1.500035
192512121200 1.599965
192512131200 1.500000
192512141200 1.499965
192512151200 1.400000
192512161200 1.399965
192512171200 1.299983
192512181200 1.250000
192512191200 1.250000
192512201200 1.250069
192512211200 1.450017
192512221200 1.500000
192512231200 1.500000
192512241200 1.500000
192512251200 1.500035
192512261200 1.600260
192512271200 2.350486
192512281200 3.749868
192512291200 3.370219
192512301200 4.000000
192512311200 4.000000
192601011200 3.999913
192601021200 3.749955
192601031200 3.620000
192601041200 3.620000
192601051200 3.619958
192601061200 3.499955
192601071200 3.370132
192601081200 3.750000
192601091200 3.749955
192601101200 3.620000
192601111200 3.620000
192601121200 3.620000
192601131200 3.619958
192601141200 3.500000
192601151200 3.500000
192601161200 3.499955
192601171200 3.370000
192601181200 3.370000
192601191200 3.370000
192601201200 3.370000
192601211200 3.370000
192601221200 3.369958
192601231200 3.250000
192601241200 3.250000
192601251200 3.250000
192601261200 3.250000
192601271200 3.250000
192601281200 3.249913
192601291200 2.999955
192601301200 2.870000
192601311200 2.870045
192602011200 3.000347
192602021200 3.000000
192602031200 3.000042
192602041200 3.120000
192602051200 3.119958
192602061200 3.000000
192602071200 2.999955
192602081200 2.870000
192602091200 2.869958
192602101200 2.749965
192602111200 2.649965
192602121200 2.549965
192602131200 2.449965
192602141200 2.349965
192602151200 2.249965
192602161200 2.149965
192602171200 2.049965
192602181200 1.949965
192602191200 1.850573
192602201200 3.499868
192602211200 3.120000
192602221200 3.120000
192602231200 3.120000
192602241200 3.119958
192602251200 2.999955
192602261200 2.870000
192602271200 2.870000
192602281200 2.870000
192603011200 2.870958
192603021200 3.369958
192603031200 3.249955
192603041200 3.120000
192603051200 3.120000
192603061200 3.120045
192603071200 3.250087
192603081200 3.500174
192603091200 4.000000
192603101200 3.999867
192603111200 3.619958
192603121200 3.500000
192603131200 3.500000
192603141200 3.500088
192603151200 3.750000
192603161200 3.750000
192603171200 3.749954
192603181200 3.620000
192603191200 3.619958
192603201200 3.500000
192603211200 3.500000
192603221200 3.499954
192603231200 3.370000
192603241200 3.369912
192603251200 3.120000
192603261200 3.120000
192603271200 3.120000
192603281200 3.120088
192603291200 3.370000
192603301200 3.370221
192603311200 4.000000
192604011200 4.001492
192604021200 4.350306
192604031200 5.220122
192604041200 5.569941
192604051200 5.400193
192604061200 5.949867
192604071200 5.570000
192604081200 5.569818
192604091200 5.049877
192604101200 4.700000
192604111200 4.699877
192604121200 4.349877
192604131200 4.000000
192604141200 3.999954
192604151200 3.870046
192604161200 4.000000
192604171200 4.000000
192604181200 4.000000
192604191200 3.999954
192604201200 3.869958
192604211200 3.750088
192604221200 4.000000
192604231200 3.999954
192604241200 3.870000
192604251200 3.870000
192604261200 3.870000
192604271200 3.870000
192604281200 3.870000
192604291200 3.869958
192604301200 3.750000
192605011200 3.758598
192605021200 3.750042
192605031200 3.870168
192605041200 4.350306
192605051200 5.220677
192605061200 7.149649
192605071200 6.149737
192605081200 5.399814
192605091200 4.869817
192605101200 4.349937
192605111200 4.170000
192605121200 4.170000
192605131200 4.169940
192605141200 4.000000
192605151200 4.000000
192605161200 3.999954
192605171200 3.870046
192605181200 4.000000
192605191200 3.999954
192605201200 3.870000
192605211200 3.869958
192605221200 3.750000
192605231200 3.750042
192605241200 3.869958
192605251200 3.750000
192605261200 3.750000
192605271200 3.750000
192605281200 3.750042
192605291200 3.874257
192605301200 15.996754
192605311200 6.751772
192606011200 11.809248
192606021200 6.749586
192606031200 5.571344
192606041200 9.399516
192606051200 8.019625
192606061200 6.951246
192606071200 10.499421
192606081200 8.849474
192606091200 7.349649
192606101200 6.349930
192606111200 6.149737
192606121200 5.399877
192606131200 5.050246
192606141200 5.750211
192606151200 6.349930
192606161200 6.149859
192606171200 5.750140
192606181200 6.150351
192606191200 7.157142
192606201200 27.493841
192606211200 9.948807
192606221200 6.552930
192606231200 14.897586
192606241200 8.020765
192606251200 10.204142
192606261200 21.995384
192606271200 8.849403
192606281200 7.149579
192606291200 5.949807
192606301200 5.399755
192607011200 4.719863
192607021200 4.699937
192607031200 4.520000
192607041200 4.520000
192607051200 4.520000
192607061200 4.520123
192607071200 4.869817
192607081200 4.350245
192607091200 5.050597
192607101200 6.750895
192607111200 9.301439
192607121200 13.397526
192607131200 6.349604
192607141200 5.222765
192607151200 13.097772
192607161200 6.749649
192607171200 5.749814
192607181200 5.219940
192607191200 5.050060
192607201200 5.220677
192607211200 7.149649
192607221200 6.149859
192607231200 5.749754
192607241200 5.049877
192607251200 4.699937
192607261200 4.520000
192607271200 4.522801
192607281200 12.498333
192607291200 7.751421
192607301200 11.807264
192607311200 32.492279
192608011200 10.498825
192608021200 5.949744
192608031200 5.219877
192608041200 4.870000
192608051200 4.870000
192608061200 4.869940
192608071200 4.700060
192608081200 4.870659
192608091200 6.749403
192608101200 5.049937
192608111200 4.869940
192608121200 4.699937
192608131200 4.519940
192608141200 4.349937
192608151200 4.169940
192608161200 3.999954
192608171200 3.870105
192608181200 4.169853
192608191200 3.749954
192608201200 3.619958
192608211200 3.499954
192608221200 3.370133
192608231200 3.750000
192608241200 3.749954
192608251200 3.620000
192608261200 3.620000
192608271200 3.620000
192608281200 3.619958
192608291200 3.500000
192608301200 3.500000
192608311200 3.500000
192609011200 3.500084
192609021200 3.499954
192609031200 3.370000
192609041200 3.370000
192609051200 3.370000
192609061200 3.370088
192609071200 3.619958
192609081200 3.499954
192609091200 3.370000
192609101200 3.369958
192609111200 3.250000
192609121200 3.250130
192609131200 3.619912
192609141200 3.370000
192609151200 3.370000
192609161200 3.369958
192609171200 3.250000
192609181200 3.250000
192609191200 3.250000
192609201200 3.250000
192609211200 3.250000
192609221200 3.250042
192609231200 3.369958
192609241200 3.249954
192609251200 3.120000
192609261200 3.119958
192609271200 2.999954
192609281200 2.869958
192609291200 2.749825
192609301200 2.250140
192610011200 2.650000
192610021200 2.649965
192610031200 2.549965
192610041200 2.449930
192610051200 2.249930
192610061200 2.050140
192610071200 2.449965
192610081200 2.349965
192610091200 2.250000
192610101200 2.250140
192610111200 2.649930
192610121200 2.449930
192610131200 2.250000
192610141200 2.250035
192610151200 2.349824
192610161200 1.850000
192610171200 1.850105
192610181200 2.150000
192610191200 2.149825
192610201200 1.650070
192610211200 1.850000
192610221200 1.850140
192610231200 2.249631
192610241200 1.200007
192610251200 1.219983
192610261200 1.170000
192610271200 1.169982
192610281200 1.120000
192610291200 1.120000
192610301200 1.120361
192610311200 2.150000
192611011200 2.150486
192611021200 2.550000
192611031200 2.549931
192611041200 2.350000
192611051200 2.349931
192611061200 2.149931
192611071200 1.949913
192611081200 1.699983
192611091200 1.649930
192611101200 1.450069
192611111200 1.649930
192611121200 1.450069
192611131200 1.650000
192611141200 1.649983
192611151200 1.599983
192611161200 1.549983
192611171200 1.500000
192611181200 1.500000
192611191200 1.500000
192611201200 1.499983
192611211200 1.450417
192611221200 2.649757
192611231200 1.949965
192611241200 1.849896
192611251200 1.550052
192611261200 1.699965
192611271200 1.600000
192611281200 1.599965
192611291200 1.500000
192611301200 1.500000
192612011200 1.500069
192612021200 1.500000
192612031200 1.499983
192612041200 1.450000
192612051200 1.450017
192612061200 1.500000
192612071200 1.500000
192612081200 1.499983
192612091200 1.450000
192612101200 1.450017
192612111200 1.500000
192612121200 1.500000
192612131200 1.500000
192612141200 1.500000
192612151200 1.500035
192612161200 1.599931
192612171200 1.400035
192612181200 1.500000
192612191200 1.499913
192612201200 1.250000
192612211200 1.250000
192612221200 1.250000
192612231200 1.250035
192612241200 1.349965
192612251200 1.250000
192612261200 1.249955
192612271200 1.120045
192612281200 1.250000
192612291200 1.250087
192612301200 1.500000
192612311200 1.499813
192701011200 0.960944
192701021200 0.960083
192701031200 1.200000
192701041200 1.199979
192701051200 1.140000
192701061200 1.140000
192701071200 1.140000
192701081200 1.140000
192701091200 1.140021
192701101200 1.200212
192701111200 1.809965
192701121200 1.710101
192701131200 1.999899
192701141200 1.709969
192701151200 1.619965
192701161200 1.519969
192701171200 1.430000
192701181200 1.429969
192701191200 1.340000
192701201200 1.340000
192701211200 1.340000
192701221200 1.340000
192701231200 1.340031
192701241200 1.430000
192701251200 1.430000
192701261200 1.429969
192701271200 1.340000
192701281200 1.340000
192701291200 1.340000
192701301200 1.339969
192701311200 1.250031
192702011200 1.340163
192702021200 1.250000
192702031200 1.250000
192702041200 1.250000
192702051200 1.250000
192702061200 1.249983
192702071200 1.200000
192702081200 1.200000
192702091200 1.200000
192702101200 1.199979
192702111200 1.140000
192702121200 1.140000
192702131200 1.139938
192702141200 0.960000
192702151200 0.960000
192702161200 0.960042
192702171200 1.080000
192702181200 1.079979
192702191200 1.019979
192702201200 0.960021
192702211200 1.020000
192702221200 1.019979
192702231200 0.960000
192702241200 0.960000
192702251200 0.960021
192702261200 1.020021
192702271200 1.080059
192702281200 1.250000
192703011200 1.250986
192703021200 1.709969
192703031200 1.619965
192703041200 1.520000
192703051200 1.520035
192703061200 1.620000
192703071200 1.620000
192703081200 1.620031
192703091200 1.710000
192703101200 1.709969
192703111200 1.620000
192703121200 1.619965
192703131200 1.520102
192703141200 1.810000
192703151200 1.810000
192703161200 1.810000
192703171200 1.810000
192703181200 1.810000
192703191200 1.810035
192703201200 1.909930
192703211200 1.710000
192703221200 1.710035
192703231200 1.810000
192703241200 1.810000
192703251200 1.810035
192703261200 1.909930
192703271200 1.710035
192703281200 1.810067
192703291200 2.000000
192703301200 2.000035
192703311200 2.099965
192704011200 2.012353
192704021200 1.999968
192704031200 1.910102
192704041200 2.200168
192704051200 2.680786
192704061200 4.920892
192704071200 7.460190
192704081200 7.998986
192704091200 5.109867
192704101200 4.729933
192704111200 4.539866
192704121200 4.159933
192704131200 3.969867
192704141200 3.591663
192704151200 8.330463
192704161200 9.648568
192704171200 5.569705
192704181200 4.729933
192704191200 4.540361
192704201200 5.570853
192704211200 8.000579
192704221200 9.649884
192704231200 9.319883
192704241200 8.988989
192704251200 6.109582
192704261200 4.920134
192704271200 5.300663
192704281200 7.190000
192704291200 7.190516
192704301200 8.660232
192705011200 9.331806
192705021200 7.999905
192705031200 7.730442
192705041200 8.990232
192705051200 9.650839
192705061200 12.039162
192705071200 9.649537
192705081200 8.329505
192705091200 6.920959
192705101200 9.650000
192705111200 9.648474
192705121200 5.299733
192705131200 4.539866
192705141200 4.159933
192705151200 3.969933
192705161200 3.780000
192705171200 3.780000
192705181200 3.780133
192705191200 4.160266
192705201200 4.919800
192705211200 4.350333
192705221200 5.300284
192705231200 6.110000
192705241200 6.113927
192705251200 17.299334
192705261200 15.397119
192705271200 7.189431
192705281200 5.569639
192705291200 4.539933
192705301200 4.350067
192705311200 4.539866
192706011200 4.164018
192706021200 3.969933
192706031200 3.780133
192706041200 4.160968
192706051200 6.919621
192706061200 5.840095
192706071200 6.109516
192706081200 4.730863
192706091200 7.189203
192706101200 4.919933
192706111200 4.729933
192706121200 4.540551
192706131200 6.109810
192706141200 5.569639
192706151200 4.539800
192706161200 3.969933
192706171200 3.780000
192706181200 3.780067
192706191200 3.969800
192706201200 3.399958
192706211200 3.280000
192706221200 3.280309
192706231200 4.159733
192706241200 3.399958
192706251200 3.280000
192706261200 3.279958
192706271200 3.160042
192706281200 3.280000
192706291200 3.279916
192706301200 3.040042
192707011200 3.172354
192707021200 3.279958
192707031200 3.160000
192707041200 3.160000
192707051200 3.159958
192707061200 3.040000
192707071200 3.039958
192707081200 2.920084
192707091200 3.160042
192707101200 3.280242
192707111200 3.971225
192707121200 7.460190
192707131200 7.998852
192707141200 4.729933
192707151200 4.539800
192707161200 3.969933
192707171200 3.780133
192707181200 4.159933
192707191200 3.969867
192707201200 3.590000
192707211200 3.590000
192707221200 3.590400
192707231200 4.729933
192707241200 4.539933
192707251200 4.349867
192707261200 3.970000
192707271200 3.970200
192707281200 4.539866
192707291200 4.159933
192707301200 3.969867
192707311200 3.590000
192708011200 3.605372
192708021200 5.570853
192708031200 7.998719
192708041200 4.349867
192708051200 3.969933
192708061200 3.779933
192708071200 3.590067
192708081200 3.779933
192708091200 3.590067
192708101200 3.779933
192708111200 3.591074
192708121200 6.649059
192708131200 3.969867
192708141200 3.590000
192708151200 3.590067
192708161200 3.780000
192708171200 3.779933
192708181200 3.590067
192708191200 3.780000
192708201200 3.779867
192708211200 3.400067
192708221200 3.590000
192708231200 3.590067
192708241200 3.782899
192708251200 12.037568
192708261200 5.111014
192708271200 7.999053
192708281200 5.299733
192708291200 4.539800
192708301200 3.969933
192708311200 3.779933
192709011200 3.609453
192709021200 3.399958
192709031200 3.280000
192709041200 3.280175
192709051200 3.779933
192709061200 3.590200
192709071200 4.161347
192709081200 7.998785
192709091200 4.539800
192709101200 3.970133
192709111200 4.352439
192709121200 11.298368
192709131200 6.649393
192709141200 4.919800
192709151200 4.349867
192709161200 3.970656
192709171200 5.839611
192709181200 4.732060
192709191200 10.600245
192709201200 11.298179
192709211200 6.109449
192709221200 4.541446
192709231200 8.659104
192709241200 6.113927
192709251200 17.301052
192709261200 20.296030
192709271200 8.989083
192709281200 6.379555
192709291200 5.109800
192709301200 4.540200
192710011200 5.110312
192710021200 4.539866
192710031200 4.159933
192710041200 3.969933
192710051200 3.779933
192710061200 3.589933
192710071200 3.400000
192710081200 3.400000
192710091200 3.399958
192710101200 3.279958
192710111200 3.160000
192710121200 3.159958
192710131200 3.039958
192710141200 2.920000
192710151200 2.920000
192710161200 2.920000
192710171200 2.920000
192710181200 2.920000
192710191200 2.919958
192710201200 2.800000
192710211200 2.800000
192710221200 2.800042
192710231200 2.920084
192710241200 3.159916
192710251200 2.920000
192710261200 2.919958
192710271200 2.799958
192710281200 2.680000
192710291200 2.680000
192710301200 2.679958
192710311200 2.560000
192711011200 2.561507
192711021200 2.559958
192711031200 2.440000
192711041200 2.439958
192711051200 2.320000
192711061200 2.320000
192711071200 2.320000
192711081200 2.320042
192711091200 2.440292
192711101200 3.279792
192711111200 2.679875
192711121200 2.319958
192711131200 2.199965
192711141200 2.099934
192711151200 1.910000
192711161200 1.910031
192711171200 2.000000
192711181200 2.000000
192711191200 2.000000
192711201200 2.000069
192711211200 2.200000
192711221200 2.200000
192711231200 2.199965
192711241200 2.100000
192711251200 2.099965
192711261200 1.999969
192711271200 1.910000
192711281200 1.910031
192711291200 1.999969
192711301200 1.910000
192712011200 1.910028
192712021200 1.810000
192712031200 1.810000
192712041200 1.809965
192712051200 1.710035
192712061200 1.810000
192712071200 1.809965
192712081200 1.710000
192712091200 1.709969
192712101200 1.620000
192712111200 1.620000
192712121200 1.620000
192712131200 1.620000
192712141200 1.620000
192712151200 1.619965
192712161200 1.519969
192712171200 1.430000
192712181200 1.430000
192712191200 1.429969
192712201200 1.340000
192712211200 1.340000
192712221200 1.340000
192712231200 1.340000
192712241200 1.340000
192712251200 1.339969
192712261200 1.250000
192712271200 1.249983
192712281200 1.200000
192712291200 1.200017
192712301200 1.249983
192712311200 1.200000
192801011200 1.200694
192801021200 1.200000
192801031200 1.199965
192801041200 1.100000
192801051200 1.100000
192801061200 1.100104
192801071200 1.399965
192801081200 1.300139
192801091200 1.700035
192801101200 1.799931
192801111200 1.599931
192801121200 1.399965
192801131200 1.300000
192801141200 1.300000
192801151200 1.299965
192801161200 1.200000
192801171200 1.200000
192801181200 1.200000
192801191200 1.200000
192801201200 1.199965
192801211200 1.100000
192801221200 1.100000
192801231200 1.100000
192801241200 1.100000
192801251200 1.100000
192801261200 1.100000
192801271200 1.100000
192801281200 1.099965
192801291200 1.000000
192801301200 1.000000
192801311200 1.000000
192802011200 1.022564
192802021200 0.999965
192802031200 0.900000
192802041200 0.900000
192802051200 0.900035
192802061200 1.000000
192802071200 1.000000
192802081200 1.000000
192802091200 1.000000
192802101200 1.000000
192802111200 1.000000
192802121200 1.000104
192802131200 1.306804
192802141200 20.894583
192802151200 5.299132
192802161200 2.799826
192802171200 2.299930
192802181200 2.100000
192802191200 2.100000
192802201200 2.099965
192802211200 2.000000
192802221200 2.000000
192802231200 2.000000
192802241200 1.999965
192802251200 1.900000
192802261200 1.900035
192802271200 2.000000
192802281200 1.999965
192802291200 1.899965
192803011200 1.800208
192803021200 1.800000
192803031200 1.799965
192803041200 1.700000
192803051200 1.700000
192803061200 1.700000
192803071200 1.700000
192803081200 1.700035
192803091200 1.800000
192803101200 1.800000
192803111200 1.799965
192803121200 1.700000
192803131200 1.699965
192803141200 1.600000
192803151200 1.599965
192803161200 1.500000
192803171200 1.499965
192803181200 1.399965
192803191200 1.300000
192803201200 1.300000
192803211200 1.300000
192803221200 1.299930
192803231200 1.100035
192803241200 1.200000
192803251200 1.200035
192803261200 1.300000
192803271200 1.300000
192803281200 1.300035
192803291200 1.399965
192803301200 1.300000
192803311200 1.299965
192804011200 1.200667
192804021200 1.300000
192804031200 1.300000
192804041200 1.300000
192804051200 1.300000
192804061200 1.300000
192804071200 1.299965
192804081200 1.200000
192804091200 1.200035
192804101200 1.300000
192804111200 1.300000
192804121200 1.300000
192804131200 1.300000
192804141200 1.300000
192804151200 1.300000
192804161200 1.300000
192804171200 1.300000
192804181200 1.300000
192804191200 1.300000
192804201200 1.300000
192804211200 1.300000
192804221200 1.300105
192804231200 1.600070
192804241200 1.799965
192804251200 1.700000
192804261200 1.700000
192804271200 1.700000
192804281200 1.699965
192804291200 1.600000
192804301200 1.600070
192805011200 1.801720
192805021200 1.700000
192805031200 1.700035
192805041200 1.800070
192805051200 2.000000
192805061200 1.999965
192805071200 1.900000
192805081200 1.900140
192805091200 2.299965
192805101200 2.200035
192805111200 2.300035
192805121200 2.400000
192805131200 2.400035
192805141200 2.500070
192805151200 2.700070
192805161200 2.900211
192805171200 3.499860
192805181200 3.099930
192805191200 2.900000
192805201200 2.900456
192805211200 4.199860
192805221200 3.799930
192805231200 3.600000
192805241200 3.600000
192805251200 3.600070
192805261200 3.800140
192805271200 4.200000
192805281200 4.199930
192805291200 3.999930
192805301200 3.799930
192805311200 3.600000
192806011200 3.610774
192806021200 3.499930
192806031200 3.299930
192806041200 3.100000
192806051200 3.100000
192806061200 3.100000
192806071200 3.100000
192806081200 3.099930
192806091200 2.900000
192806101200 2.900070
192806111200 3.100000
192806121200 3.100000
192806131200 3.099930
192806141200 2.900070
192806151200 3.100000
192806161200 3.100035
192806171200 3.199965
192806181200 3.099930
192806191200 2.900140
192806201200 3.301860
192806211200 8.598455
192806221200 4.199754
192806231200 3.500000
192806241200 3.499930
192806251200 3.300000
192806261200 3.300105
192806271200 3.599895
192806281200 3.299965
192806291200 3.200000
192806301200 3.200000
192807011200 3.216671
192807021200 3.100000
192807031200 3.100035
192807041200 3.199965
192807051200 3.099930
192807061200 2.900070
192807071200 3.099930
192807081200 2.900000
192807091200 2.900000
192807101200 2.899965
192807111200 2.799965
192807121200 2.699930
192807131200 2.500000
192807141200 2.501053
192807151200 5.500281
192807161200 6.299895
192807171200 5.999403
192807181200 4.299579
192807191200 3.099930
192807201200 2.899965
192807211200 2.799965
192807221200 2.700000
192807231200 2.700035
192807241200 2.800000
192807251200 2.799965
192807261200 2.700000
192807271200 2.700000
192807281200 2.700000
192807291200 2.700000
192807301200 2.699930
192807311200 2.500000
192808011200 2.518565
192808021200 2.400000
192808031200 2.400035
192808041200 2.500105
192808051200 2.800035
192808061200 2.899930
192808071200 2.700000
192808081200 2.699930
192808091200 2.499965
192808101200 2.399965
192808111200 2.300000
192808121200 2.300035
192808131200 2.400035
192808141200 2.499965
192808151200 2.400562
192808161200 3.999614
192808171200 2.899825
192808181200 2.399965
192808191200 2.300000
192808201200 2.300140
192808211200 2.700211
192808221200 3.299789
192808231200 2.699895
192808241200 2.399965
192808251200 2.300000
192808261200 2.300000
192808271200 2.300000
192808281200 2.300140
192808291200 2.704948
192808301200 16.798702
192808311200 13.096911
192809011200 4.300948
192809021200 3.599895
192809031200 3.299930
192809041200 3.100035
192809051200 3.199895
192809061200 2.900105
192809071200 3.199965
192809081200 3.099930
192809091200 2.900000
192809101200 2.900140
192809111200 3.300105
192809121200 3.599895
192809131200 3.300000
192809141200 3.300491
192809151200 4.699754
192809161200 3.999860
192809171200 3.599965
192809181200 3.499930
192809191200 3.300000
192809201200 3.299965
192809211200 3.200035
192809221200 3.300175
192809231200 3.799930
192809241200 3.599965
192809251200 3.500000
192809261200 3.499860
192809271200 3.099930
192809281200 2.900000
192809291200 2.900000
192809301200 2.900105
192810011200 3.200211
192810021200 3.199965
192810031200 3.100000
192810041200 3.100000
192810051200 3.099930
192810061200 2.900000
192810071200 2.900000
192810081200 2.900000
192810091200 2.900070
192810101200 3.100070
192810111200 3.300000
192810121200 3.300000
192810131200 3.300000
192810141200 3.299965
192810151200 3.199965
192810161200 3.099930
192810171200 2.899965
192810181200 2.800035
192810191200 2.900000
192810201200 2.899965
192810211200 2.800035
192810221200 2.900000
192810231200 2.900000
192810241200 2.899965
192810251200 2.799965
192810261200 2.700000
192810271200 2.700000
192810281200 2.700000
192810291200 2.700035
192810301200 2.800035
192810311200 2.900000
192811011200 2.800521
192811021200 2.700000
192811031200 2.700000
192811041200 2.700000
192811051200 2.700000
192811061200 2.699931
192811071200 2.500000
192811081200 2.500000
192811091200 2.500000
192811101200 2.500000
192811111200 2.500000
192811121200 2.499965
192811131200 2.399965
192811141200 2.300035
192811151200 2.400000
192811161200 2.400035
192811171200 2.500000
192811181200 2.499965
192811191200 2.400035
192811201200 2.500000
192811211200 2.500000
192811221200 2.500000
192811231200 2.500069
192811241200 2.700070
192811251200 2.900069
192811261200 3.099861
192811271200 2.699896
192811281200 2.399965
192811291200 2.300000
192811301200 2.300139
192812011200 2.700555
192812021200 2.700000
192812031200 2.699931
192812041200 2.500000
192812051200 2.499965
192812061200 2.400000
192812071200 2.400000
192812081200 2.400000
192812091200 2.399965
192812101200 2.300035
192812111200 2.400000
192812121200 2.400000
192812131200 2.400000
192812141200 2.399965
192812151200 2.300035
192812161200 2.399896
192812171200 2.100000
192812181200 2.100035
192812191200 2.199965
192812201200 2.099931
192812211200 1.899965
192812221200 1.800000
192812231200 1.800000
192812241200 1.800000
192812251200 1.799965
192812261200 1.700035
192812271200 1.800104
192812281200 2.100035
192812291200 2.200035
192812301200 2.299965
192812311200 2.199965
192901011200 2.100000
192901021200 1.899965
192901031200 1.800000
192901041200 1.800000
192901051200 1.799965
192901061200 1.699965
192901071200 1.600000
192901081200 1.600000
192901091200 1.600000
192901101200 1.600000
192901111200 1.600000
192901121200 1.600000
192901131200 1.600000
192901141200 1.600000
192901151200 1.600000
192901161200 1.599965
192901171200 1.500000
192901181200 1.500000
192901191200 1.500000
192901201200 1.500000
192901211200 1.500035
192901221200 1.599965
192901231200 1.500000
192901241200 1.499965
192901251200 1.399965
192901261200 1.300000
192901271200 1.300035
192901281200 1.400000
192901291200 1.399965
192901301200 1.300000
192901311200 1.300000
192902011200 1.300208
192902021200 1.300000
192902031200 1.300000
192902041200 1.300000
192902051200 1.300000
192902061200 1.300000
192902071200 1.299965
192902081200 1.200000
192902091200 1.200000
192902101200 1.199965
192902111200 1.100000
192902121200 1.099965
192902131200 1.000000
192902141200 1.000000
192902151200 1.000000
192902161200 1.000000
192902171200 1.000000
192902181200 1.000000
192902191200 1.000000
192902201200 1.000000
192902211200 1.000000
192902221200 1.000000
192902231200 1.000000
192902241200 1.000000
192902251200 1.000000
192902261200 1.000035
192902271200 1.100000
192902281200 1.099965
192903011200 1.001180
192903021200 1.000000
192903031200 0.999965
192903041200 0.900035
192903051200 1.000000
192903061200 1.000000
192903071200 0.999931
192903081200 0.800069
192903091200 1.000035
192903101200 1.100000
192903111200 1.100000
192903121200 1.100000
192903131200 1.100035
192903141200 1.200000
192903151200 1.200000
192903161200 1.200000
192903171200 1.200000
192903181200 1.200035
192903191200 1.300035
192903201200 1.400035
192903211200 1.500035
192903221200 1.600035
192903231200 1.700176
192903241200 2.199965
192903251200 2.099965
192903261200 2.000035
192903271200 2.100070
192903281200 2.300000
192903291200 2.299965
192903301200 2.200070
192903311200 2.400281
192904011200 3.200772
192904021200 3.199895
192904031200 2.899930
192904041200 2.699930
192904051200 2.500000
192904061200 2.500000
192904071200 2.499965
192904081200 2.400176
192904091200 2.900316
192904101200 3.799824
192904111200 3.299965
192904121200 3.200000
192904131200 3.199965
192904141200 3.100035
192904151200 3.200035
192904161200 3.300105
192904171200 3.599860
192904181200 3.200000
192904191200 3.200035
192904201200 3.300000
192904211200 3.299930
192904221200 3.099930
192904231200 2.900000
192904241200 2.900000
192904251200 2.899965
192904261200 2.800000
192904271200 2.800000
192904281200 2.800105
192904291200 3.100070
192904301200 3.300000
192905011200 3.306387
192905021200 3.499930
192905031200 3.300070
192905041200 3.499930
192905051200 3.300105
192905061200 3.600456
192905071200 4.900140
192905081200 5.300246
192905091200 5.999825
192905101200 5.499719
192905111200 4.700000
192905121200 4.700456
192905131200 6.000000
192905141200 6.000000
192905151200 6.001264
192905161200 9.600210
192905171200 10.199789
192905181200 9.599439
192905191200 7.999298
192905201200 6.000597
192905211200 7.699403
192905221200 5.999825
192905231200 5.499930
192905241200 5.300842
192905251200 7.700000
192905261200 7.699088
192905271200 5.100070
192905281200 5.299860
192905291200 4.900877
192905301200 7.400000
192905311200 7.399333
192906011200 5.508142
192906021200 4.699860
192906031200 4.300070
192906041200 4.500211
192906051200 5.100737
192906061200 7.202071
192906071200 13.098982
192906081200 10.199333
192906091200 8.299298
192906101200 6.301263
192906111200 9.899053
192906121200 7.199403
192906131200 5.499719
192906141200 4.699860
192906151200 4.299965
192906161200 4.200000
192906171200 4.200000
192906181200 4.199930
192906191200 3.999860
192906201200 3.600877
192906211200 6.100175
192906221200 6.599333
192906231200 4.699930
192906241200 4.501228
192906251200 7.999123
192906261200 5.499789
192906271200 4.899789
192906281200 4.299895
192906291200 4.000000
192906301200 4.000175
192907011200 4.506738
192907021200 4.699860
192907031200 4.299965
192907041200 4.200000
192907051200 4.200000
192907061200 4.201755
192907071200 9.198561
192907081200 5.099790
192907091200 4.499895
192907101200 4.199930
192907111200 3.999930
192907121200 3.800000
192907131200 3.799930
192907141200 3.600070
192907151200 3.800000
192907161200 3.799930
192907171200 3.600000
192907181200 3.600000
192907191200 3.600000
192907201200 3.600000
192907211200 3.599965
192907221200 3.500000
192907231200 3.500000
192907241200 3.500000
192907251200 3.500000
192907261200 3.499930
192907271200 3.300000
192907281200 3.299965
192907291200 3.200000
192907301200 3.200000
192907311200 3.199965
192908011200 3.126637
192908021200 3.200000
192908031200 3.199895
192908041200 2.900000
192908051200 2.900000
192908061200 2.899965
192908071200 2.800000
192908081200 2.800035
192908091200 2.900456
192908101200 4.199684
192908111200 3.299965
192908121200 3.200000
192908131200 3.199965
192908141200 3.099930
192908151200 2.900000
192908161200 2.899965
192908171200 2.800281
192908181200 3.600526
192908191200 5.108563
192908201200 29.493578
192908211200 11.198596
192908221200 7.199509
192908231200 5.799684
192908241200 4.899789
192908251200 4.299965
192908261200 4.200000
192908271200 4.199930
192908281200 3.999930
192908291200 3.800000
192908301200 3.800000
192908311200 3.800000
192909011200 3.800702
192909021200 3.600000
192909031200 3.599965
192909041200 3.500000
192909051200 3.500000
192909061200 3.499930
192909071200 3.300000
192909081200 3.299965
192909091200 3.199895
192909101200 2.900000
192909111200 2.899965
192909121200 2.800000
192909131200 2.800035
192909141200 2.900070
192909151200 3.099930
192909161200 2.900000
192909171200 2.900000
192909181200 2.899965
192909191200 2.800035
192909201200 2.900386
192909211200 3.999684
192909221200 3.099895
192909231200 2.800035
192909241200 2.900070
192909251200 3.099930
192909261200 2.900000
192909271200 2.899965
192909281200 2.800000
192909291200 2.800000
192909301200 2.800000
192910011200 2.800456
192910021200 2.700000
192910031200 2.699930
192910041200 2.499965
192910051200 2.400000
192910061200 2.399965
192910071200 2.300000
192910081200 2.300035
192910091200 2.400140
192910101200 2.799965
192910111200 2.700035
192910121200 2.800000
192910131200 2.799895
192910141200 2.500000
192910151200 2.500000
192910161200 2.499965
192910171200 2.400000
192910181200 2.400000
192910191200 2.399965
192910201200 2.300000
192910211200 2.300000
192910221200 2.299965
192910231200 2.200000
192910241200 2.200000
192910251200 2.200035
192910261200 2.299965
192910271200 2.199965
192910281200 2.100000
192910291200 2.100000
192910301200 2.100246
192910311200 2.800000
192911011200 3.200069
192911021200 2.799896
192911031200 2.500000
192911041200 2.500000
192911051200 2.499965
192911061200 2.399931
192911071200 2.199965
192911081200 2.100000
192911091200 2.100000
192911101200 2.100208
192911111200 2.700000
192911121200 2.699896
192911131200 2.400000
192911141200 2.400000
192911151200 2.400000
192911161200 2.399965
192911171200 2.299965
192911181200 2.200000
192911191200 2.200000
192911201200 2.200000
192911211200 2.200000
192911221200 2.200000
192911231200 2.200000
192911241200 2.200000
192911251200 2.200000
192911261200 2.200000
192911271200 2.200000
192911281200 2.200000
192911291200 2.200000
192911301200 2.200035
192912011200 2.300833
192912021200 2.300000
192912031200 2.300000
192912041200 2.300000
192912051200 2.299965
192912061200 2.200000
192912071200 2.200000
192912081200 2.199965
192912091200 2.099965
192912101200 2.000000
192912111200 2.000069
192912121200 2.200035
192912131200 2.300139
192912141200 2.700278
192912151200 3.499931
192912161200 3.299826
192912171200 2.799896
192912181200 2.499931
192912191200 2.300000
192912201200 2.300000
192912211200 2.300000
192912221200 2.300000
192912231200 2.300000
192912241200 2.300000
192912251200 2.300000
192912261200 2.300035
192912271200 2.400035
192912281200 2.500000
192912291200 2.500104
192912301200 2.800000
192912311200 2.799930
